 -5.0 0.2720105554446849
 -4.95 0.2287679468876607
 -4.9 0.18323956462596422
 -4.8500000000000005 0.13588031320547206
 -4.800000000000001 8.716339061149068e-2
 -4.750000000000001 3.757556023090554e-2
 -4.700000000000001 -1.2387712726677996e-2
 -4.650000000000001 -6.222721175352997e-2
 -4.600000000000001 -0.1114449570501221
 -4.550000000000002 -0.15954918117467437
 -4.500000000000002 -0.2060592426208767
 -4.450000000000002 -0.25051042822894076
 -4.400000000000002 -0.29245859644587935
 -4.350000000000002 -0.33148461504108967
 -4.3000000000000025 -0.3671985489370549
 -4.250000000000003 -0.3992435563117436
 -4.200000000000003 -0.4272994540441388
 -4.150000000000003 -0.45108591687814553
 -4.100000000000003 -0.4703652783398854
 -4.050000000000003 -0.48494490542254226
 -4.0000000000000036 -0.4946791233116904
 -3.9500000000000037 -0.4994706709198858
 -3.900000000000004 -0.4992716726873027
 -3.850000000000004 -0.49408411693850085
 -3.8000000000000043 -0.48395983601574427
 -3.7500000000000044 -0.46899998838737095
 -3.7000000000000046 -0.44935404790581546
 -3.650000000000005 -0.42521831031428475
 -3.600000000000005 -0.39683393192457955
 -3.550000000000005 -0.36448452006294163
 -3.5000000000000053 -0.3284932993593985
 -3.4500000000000055 -0.28921988219410444
 -3.4000000000000057 -0.2470566755693091
 -3.350000000000006 -0.20242496030830445
 -3.300000000000006 -0.1557706817566948
 -3.250000000000006 -0.10755999404391384
 -3.2000000000000064 -5.8274602425252994e-2
 -3.1500000000000066 -8.406950242181516e-3
 -3.1000000000000068 4.1544701408741565e-2
 -3.050000000000007 9.108125213604096e-2
 -3.000000000000007 0.1397077490994561
 -2.9500000000000073 0.18693833241511143
 -2.9000000000000075 0.232301089706872
 -2.8500000000000076 0.2753427712988125
 -2.800000000000008 0.3156333189361546
 -2.750000000000008 0.35277016278519024
 -2.700000000000008 0.3863822437779885
 -2.6500000000000083 0.41613372111194596
 -2.6000000000000085 0.4417273278600727
 -2.5500000000000087 0.46290734116386284
 -2.500000000000009 0.4794621373315667
 -2.450000000000009 0.4912263063121645
 -2.4000000000000092 0.4980823044179195
 -2.3500000000000094 0.4999616287820505
 -2.3000000000000096 0.4968455018167333
 -2.2500000000000098 0.48876505883255056
 -2.20000000000001 0.475801036944761
 -2.15000000000001 0.4580829683747315
 -2.1000000000000103 0.4357878862067991
 -2.0500000000000105 0.4091385555322113
 -2.0000000000000107 0.3784012476539711
 -1.9500000000000108 0.34388307959199477
 -1.900000000000011 0.30592894547136823
 -1.8500000000000112 0.2649180704542561
 -1.8000000000000114 0.2212602216474364
 -1.7500000000000115 0.17539161384482074
 -1.7000000000000117 0.12777055101342702
 -1.650000000000012 7.887284707163594e-2
 -1.600000000000012 2.9187071713802012e-2
 -1.5500000000000123 -2.0790331216633044e-2
 -1.5000000000000124 -7.056000402992131e-2
 -1.4500000000000126 -0.11962466460697892
 -1.4000000000000128 -0.1674940750779404
 -1.350000000000013 -0.21368994011690323
 -1.3000000000000131 -0.25775068591072087
 -1.2500000000000133 -0.29923607205196756
 -1.2000000000000135 -0.33773159027556554
 -1.1500000000000137 -0.37285260608835097
 -1.1000000000000139 -0.40424820190978694
 -1.050000000000014 -0.43160468332442975
 -1.0000000000000142 -0.4546487134128349
 -0.9500000000000144 -0.4731500438437026
 -0.9000000000000146 -0.4869238154390943
 -0.8500000000000147 -0.49583240522623245
 -0.8000000000000149 -0.4997868015207521
 -0.7500000000000151 -0.4987474933020283
 -0.7000000000000153 -0.49272486499423274
 -0.6500000000000155 -0.4817790927086006
 -0.6000000000000156 -0.4660195429836188
 -0.5500000000000158 -0.44560368003072487
 -0.500000000000016 -0.4207354924039569
 -0.45000000000001616 -0.39166345481375175
 -0.40000000000001634 -0.3586780454497728
 -0.3500000000000165 -0.32210884361885816
 -0.3000000000000167 -0.28232123669753145
 -0.2500000000000169 -0.23971276930211632
 -0.20000000000001705 -0.19470917115434097
 -0.15000000000001723 -0.14776010333068623
 -0.10000000000001741 -9.933466539754768e-2
 -5.0000000000017586e-2 -4.991670832343158e-2
 -1.7763568394002505e-14 -1.7763568394002505e-14
 4.999999999998206e-2 4.9916708323396224e-2
 9.999999999998188e-2 9.933466539751286e-2
 0.1499999999999817 0.1477601033306523
 0.19999999999998153 0.19470917115430825
 0.24999999999998135 0.23971276930208515
 0.29999999999998117 0.2823212366975021
 0.349999999999981 0.32210884361883096
 0.3999999999999808 0.358678045449748
 0.44999999999998064 0.3916634548137296
 0.49999999999998046 0.4207354924039377
 0.5499999999999803 0.4456036800307087
 0.5999999999999801 0.466019542983606
 0.6499999999999799 0.4817790927085911
 0.6999999999999797 0.4927248649942267
 0.7499999999999796 0.4987474933020258
 0.7999999999999794 0.4997868015207531
 0.8499999999999792 0.4958324052262369
 0.899999999999979 0.4869238154391023
 0.9499999999999789 0.47315004384371406
 0.9999999999999787 0.4546487134128497
 1.0499999999999785 0.43160468332444774
 1.0999999999999783 0.40424820190980787
 1.1499999999999782 0.37285260608837467
 1.199999999999978 0.33773159027559174
 1.2499999999999778 0.29923607205199604
 1.2999999999999776 0.25775068591075134
 1.3499999999999774 0.21368994011693535
 1.3999999999999773 0.1674940750779739
 1.449999999999977 0.11962466460701342
 1.499999999999977 7.056000402995646e-2
 1.5499999999999767 2.079033121666854e-2
 1.5999999999999766 -2.9187071713766548e-2
 1.6499999999999764 -7.887284707160087e-2
 1.6999999999999762 -0.12777055101339263
 1.749999999999976 -0.17539161384478746
 1.7999999999999758 -0.22126022164740453
 1.8499999999999757 -0.264918070454226
 1.8999999999999755 -0.30592894547134014
 1.9499999999999753 -0.343883079591969
 1.9999999999999751 -0.37840124765394784
 2.049999999999975 -0.40913855553219086
 2.0999999999999748 -0.43578788620678166
 2.1499999999999746 -0.45808296837471724
 2.1999999999999744 -0.4758010369447501
 2.2499999999999742 -0.48876505883254306
 2.299999999999974 -0.4968455018167294
 2.349999999999974 -0.49996162878205014
 2.3999999999999737 -0.4980823044179226
 2.4499999999999735 -0.4912263063121712
 2.4999999999999734 -0.47946213733157683
 2.549999999999973 -0.4629073411638764
 2.599999999999973 -0.4417273278600893
 2.649999999999973 -0.41613372111196567
 2.6999999999999726 -0.386382243778011
 2.7499999999999725 -0.35277016278521545
 2.7999999999999723 -0.31563331893618213
 2.849999999999972 -0.27534277129884216
 2.899999999999972 -0.23230108970690344
 2.9499999999999718 -0.18693833241514438
 2.9999999999999716 -0.1397077490994902
 3.0499999999999723 -9.108125213607501e-2
 3.0999999999999712 -4.154470140877697e-2
 3.14999999999997 8.406950242145106e-3
 3.199999999999971 5.827460242521771e-2
 3.2499999999999716 0.10755999404388
 3.2999999999999705 0.15577068175666106
 3.3499999999999694 0.20242496030827115
 3.39999999999997 0.2470566755692782
 3.449999999999971 0.2892198821940762
 3.49999999999997 0.32849329935937177
 3.5499999999999687 0.3644845200629167
 3.5999999999999694 0.39683393192455796
 3.64999999999997 0.42521831031426655
 3.699999999999969 0.44935404790579986
 3.749999999999968 0.46899998838735835
 3.7999999999999687 0.4839598360157354
 3.8499999999999694 0.4940841169384955
 3.8999999999999684 0.49927167268730077
 3.9499999999999673 0.49947067091988756
 3.999999999999968 0.49467912331169556
 4.049999999999969 0.48494490542255075
 4.099999999999968 0.47036527833989744
 4.149999999999967 0.4510859168781612
 4.199999999999967 0.42729945404415726
 4.249999999999968 0.3992435563117644
 4.299999999999967 0.367198548937079
 4.349999999999966 0.3314846150411169
 4.399999999999967 0.2924585964459082
 4.449999999999967 0.2505104282289708
 4.499999999999966 0.20605924262090902
 4.549999999999965 0.15954918117470887
 4.599999999999966 0.11144495705015674
 4.649999999999967 6.222721175356434e-2
 4.6999999999999655 1.2387712726713513e-2
 4.7499999999999645 -3.757556023086923e-2
 4.799999999999965 -8.71633906114557e-2
 4.849999999999966 -0.13588031320543872
 4.899999999999965 -0.18323956462593113
 4.949999999999964 -0.2287679468876283
 4.9999999999999645 -0.27201055544465513
